spec-00000.mzXML.csv
536.801	70.0141012676585	9427.1201171875

spec-00001.mzXML.csv
535.315	70.0131547111591	9459.3203125

spec-00002.mzXML.csv
535.882	70.0133292600605	18063.5

spec-00003.mzML.csv
533.663	70.0135861022708	21788.900390625

spec-00004.mzXML.csv
538.244	70.012750567911	21310

spec-00005.mzXML.csv
537.314	70.0128349891511	16402.900390625

spec-00006.mzXML.csv
537.118	70.0132998974738	24944.69921875

spec-00007.mzXML.csv
537.382	70.0131365157783	16358.900390625

spec-00008.mzXML.csv
536.992	70.0134255579422	20924.400390625

spec-00009.mzXML.csv
533.663	70.0135861022708	21788.900390625

spec-00010.mzXML.csv
535.586	70.012406863317	19366.30078125

spec-00011.mzML.csv
535.315	70.0131547111591	9459.3203125

